,score,left_elbow_angle,right_elbow_angle,hand_dist_ratio,torse_tilted_angle,hand_tilted_angle
NE_ID16,47.0,167.3907216394469,155.1005425262618,1.78568020057902,0.8314871594490055,2.241697164618041
NE_ID18,38.0,159.9327067369707,164.92912131977607,1.298713662957436,0.40730956764859244,2.3692918742292117
NE_ID27,49.0,173.88422024529012,165.76389089587343,2.7170773912297688,0.4229406901599109,4.595774312608479
NE_ID20,46.0,177.0618929178783,172.50763216324464,2.43748059115217,0.4350218553231808,0.26397307217250915
NE_ID21,46.0,167.18626479047373,165.95382238398315,1.762527052229095,0.7966877650729703,3.9506851569734023
NE_ID19,50.0,176.11751488313433,174.213742025844,1.524999412056848,2.0809668621174646,1.801850063402835
NE_ID26,49.0,170.20840726893485,162.18523066473273,2.5809725789538205,0.5266033828960895,0.7444914382634744
NE_ID10,34.0,143.2101932781129,138.80782933605752,2.312439938749752,0.7028060409761562,0.6518027946304483
NE_ID17,47.0,162.58914517136466,156.0276972646772,2.554103999263484,0.7408023204770902,0.26967736178262586
NE_ID4,46.333333333333336,153.5187249932422,154.8899374785296,1.8368900874010723,0.2552443430765627,2.4845949427565635
NE_ID3,44.333333333333336,175.97968747158112,164.27836902816816,2.0593543568045574,0.5753053746985086,3.084290972129072
NE_ID2,41.0,177.18564997166882,169.90046215966163,2.911433631667147,0.3941507073629029,1.748876826167668
NE_ID5,40.666666666666664,168.82242885708806,168.8281660702806,2.5193739717741055,4.118670443545911,0.12645178260104412
NE_ID12,40.0,170.48189684127158,176.6302350973357,2.5955664929015727,0.5128974882447466,0.8478056430056103
NE_ID15,45.0,160.25110340064856,155.80241297350057,2.933460353814145,1.7145545665520032,0.34997303889317255
NE_ID23,41.0,171.37394198626453,157.78427409239566,2.170260152674059,0.497284245875022,0.88256153195779
NE_ID24,50.0,153.87860588833686,152.66192774663665,1.7143797409792385,0.5843246560692833,3.7510722215726036
NE_ID25,47.0,163.01736795580533,161.85605930461142,2.2254323570433927,0.47821070229939694,3.277663663314782
NE_ID22,43.0,147.1158941470063,146.79366237368896,1.6045607425896784,0.7772229407519649,4.2338663898815465
NE_ID14,50.0,168.09928797570393,160.25386224186022,1.7995194168571573,1.4997914179484828,0.19115472797600888
NE_ID13,50.0,168.58420736191823,173.29229726379413,2.3572471442461795,2.6893844483512614,1.4689600603671247
NE_ID9,42.0,162.21298393878564,157.97556117775883,2.255293498456957,1.077851174115704,1.7689323720118952
NE_ID6,43.666666666666664,159.91134111939198,162.59704459020023,2.0932290789083545,0.5882741094717968,5.250119671698735
NE_ID1,39.666666666666664,155.26292756376247,150.69496065464386,1.731745254123703,1.4635440190192537,2.1331331260241115
NE_ID8,40.0,176.95258740327998,176.75998772212805,2.373534480397349,0.8289239523205735,1.59408748598712
E_ID16,47.0,171.63310430157122,164.16996581491134,2.0367277545304647,1.3866130460326629,0.4734973316260291
E_ID17,47.0,166.0429444284012,173.51728513722855,2.312929132076291,1.9468326951364219,0.4110192414571715
E_ID11,50.0,161.0484648831763,160.72197892930862,2.339000906083359,0.8634397635785687,0.49787103684534273
E_ID10,48.333333333333336,153.08861835852946,144.5340814816455,2.142476078420582,2.009914040215487,0.404799080895203
E_ID5,46.0,159.4048387770109,160.73669309949395,2.312377120147015,1.1838648374388787,3.358298049278256
E_ID2,49.333333333333336,147.30909962046712,150.8255061350706,1.9902985963582807,0.592880280082835,2.068438099441726
E_ID1,48.333333333333336,165.3682555001462,150.77641869910485,2.5662323634954065,2.259380312743084,1.3992758603252242
E_ID3,42.666666666666664,170.88755864800675,163.94769570199,2.1398633841739545,0.23445125498739502,0.9525352945335646
E_ID4,44.666666666666664,152.62702320823263,148.80145226474642,1.960367378864225,0.531270053189342,0.13588966200058167
E_ID12,50.0,162.40630339376082,165.78877974416662,1.6770141732983255,0.4845717075537136,0.48591481930451347
E_ID15,50.0,161.85226272181063,155.75335072931108,2.5233044718825917,1.082567160156455,3.233708497264849
E_ID14,44.0,167.86502356043823,171.29858257687465,2.4728182898803,0.7113189163934537,2.931260190685424
E_ID13,46.333333333333336,166.76932495049863,167.40577643363372,2.067780986860961,1.951556206013052,0.2636640048796309
E_ID8,48.666666666666664,148.14254019389006,144.86836547559048,2.1988067486834804,1.3420116577658798,0.7883165736283146
E_ID6,46.666666666666664,149.11845086730187,151.13803268630429,2.321851886702027,0.2515387578116093,1.580397889172359
E_ID7,50.0,160.0786846332185,158.13852638698523,2.0003082191815578,1.1716190433076739,0.6742305564741963
E_ID9,50.0,173.6189633842042,161.78282127281778,2.1421853252653276,1.3650709009305455,1.4034412175988273
B_ID2,38.0,167.98265178271774,171.87758710228385,2.3907385862557553,1.050597078086676,3.272574559148147
B_ID5,44.333333333333336,175.45210927887734,178.33971543478995,2.1122424654807097,0.9029065465271412,0.3911577854523839
B_ID4,33.33973270145409,165.63194177725418,154.84802892083434,2.345758565508989,1.325889519916938,1.148974998789366
B_ID3,28.210081123309372,172.75703653397892,167.23279176699552,2.3450849457532668,2.0001376039357033,2.100272223953413
B_ID6,45.333333333333336,168.55269478199142,157.23168895269032,1.8879683228836224,0.9380368851237997,1.717985390059651
B_ID1,41.0,174.94087377646855,165.99806109908312,2.376939183127655,1.4219366538803375,1.052614730838617
B_ID8,44.333333333333336,165.73496675677222,158.92565136231065,2.493884464663842,1.4681750412251349,0.9203980668911163
B_ID7,40.333333333333336,168.00675295978834,167.16723342206848,2.649350954598271,3.4270551221845134,1.2222200996121035
S_ID5,32.895087738732094,168.82954443795046,164.9163685819531,2.698440031508965,1.1292000507371691,4.03319636048938
S_ID4,26.0,164.52820530649592,144.52003730701693,2.0007550466338,1.8152160345268178,6.362307580023086
S_ID3,44.0,169.15538125326447,173.36122519148736,2.3776286405474094,1.571166690626494,0.7028035261254966
S_ID10,33.666666666666664,172.39447576633776,178.33328043479733,2.2357130128349163,0.2840359678831915,4.072765191841079
S_ID6,38.41075339044625,169.81059318670347,156.0739140039127,2.5611713664447864,0.4767093420818044,3.8061876887600485
S_ID8,36.0,175.40699161953034,176.27815493374888,2.3396943541980804,2.603196209255199,4.082092333840617
S_ID9,26.333333333333332,136.2332630568585,178.7804009972138,1.9524596798378795,1.8121103003898298,1.5951058550562216
S_ID7,26.666666666666668,160.79466727578384,171.07657292008054,2.2904540512655833,1.3584009390610374,7.39654149662551
P_ID16,37.0,159.35577323183912,173.4516220577114,2.1626149814425717,0.8754436432851105,1.2014625702505604
P_ID11,14.666666666666666,103.31604227278532,87.17397807369679,2.316831395845513,2.8625528404527834,0.5786588408531956
P_ID10,34.30818049558635,152.70564555186147,158.27371888307485,2.8289780261451307,1.092366912564247,4.375960409167751
P_ID4,14.0,173.0572304210761,168.05094964235636,2.506063222889665,0.5064560320892382,5.499435597619052
P_ID2,27.0,161.12222085924031,151.69550558077572,2.6428388428851295,0.8933952206144463,1.1466748917768697
P_ID12,35.666666666666664,149.4353540732827,159.56531706240452,2.2186735206802943,1.2384791814465053,1.2586877736389055
P_ID15,27.666666666666668,153.89762718808993,144.8838997103364,2.090070401396414,2.709243293916436,4.864607747061966
P_ID14,36.0,161.2868290771906,169.70462531539494,1.8391812884596628,1.1914296681058993,0.15115674897516507
P_ID13,36.666666666666664,167.3988486787733,171.2469732252968,2.2499332481232885,1.369622609310043,3.0487638317691044
P_ID9,40.0,163.69046271958092,164.87717151445125,2.413754370398525,0.9680139206315701,0.7066580679480048
P_ID7,22.0,149.74602282428705,159.87304065065376,2.640410776792032,2.6387782691031716,1.350022596736343
P_ID6,50.0,167.80351553429512,169.43560958664648,2.3048604898574125,1.3956224173687048,0.5364874881915169
P_ID1,48.0,167.41392881172698,161.0748172443669,2.166824971752341,1.7626075912623584,1.9746360175471538
P_ID8,32.0,149.84990343101867,149.30252127085382,2.1771676426066504,1.1332783765148375,2.7123869435682963
